-0.001397
0.002725
0.002802
0.001744
-0.000815
-0.003350
-0.003622
-0.000685
0.003781
0.006208
0.003835
-0.002577
-0.008467
-0.008515
-0.001150
0.009119
0.014098
0.008105
-0.006481
-0.019252
-0.018657
-0.001564
0.021869
0.033133
0.018458
-0.018393
-0.053551
-0.054779
-0.001807
0.097490
0.206608
0.277774
0.277774
0.206608
0.097490
-0.001807
-0.054779
-0.053551
-0.018393
0.018458
0.033133
0.021869
-0.001564
-0.018657
-0.019252
-0.006481
0.008105
0.014098
0.009119
-0.001150
-0.008515
-0.008467
-0.002577
0.003835
0.006208
0.003781
-0.000685
-0.003622
-0.003350
-0.000815
0.001744
0.002802
0.002725
-0.001397
