0
0
0
0
0
0
0
0
0
0
0
0
0
0
0
0
0
0
0
0
0
0
0
0
0
0
0
0
0
0
0
0
0
0
0
0
0
1
0
0
0
0
0
0
0
0
0
0
0
0
0
0
0
0
0
0
0
0
0
0
0
0
0
0
0
0
0
0
0
0
0
0
0
0
84
43
-84
31
121
121
-74
-100
8
88
-8
-16
54
-73
69
84
-93
54
19
68
-109
-95
38
33
-5
-101
-82
82
16
-46
16
-24
-70
-123
66
45
92
15
65
48
-43
-93
-66
42
112
-48
125
-111
-41
45
79
-65
-81
37
-64
93
-89
10
-61
43
76
-103
-66
92
-79
93
62
92
-122
-37
-110
-38
-89
12
68
-21
-117
70
45
75
73
-29
82
36
7
-97
120
72
-47
83
-128
103
-77
-99
44
-74
6
-8
-13
96
112
18
-43
71
18
100
13
-23
-74
-65
-124
